31315
31315
31315
31363
30567
29575
31423
32191
31315
31043
31739
32487
31167
30731
32191
31315
31043
31739
32487
32191
31315
31043
31739
32487
31167
30731
31363
30567
32191
32191
31315
31043
31739
32487
31167
30731
31363
30567
29575
32647
32015
32191
31315
31043
31739
32487
31167
30731
31363
30567
29575
32647
32191
31315
31043
31739
32487
31167
30731
31363
30567
29575
32647
32191
31315
31043
31739
32487
31167
30731
31363
30567
29575
32647
32191
31315
31043
31739
32487
31167
30731
31363
30567
29575
32647
32191
31315
31043
31739
32487
31167
30731
31363
30567
29575
32647
32015
32191
31315
31043
31739
32487
31167
30731
31363
30567
29575
32647
32191
31315
31043
31739
32487
31167
30731
31363
30567
29575
32647
32015
32191
31315
31043
31739
32487
31167
30731
31363
30567
29575
32647
32191
31315
31043
31739
32487
31167
30731
31363
30567
29575
32647
32191
31315
31043
31739
32487
31167
30731
31363
30567
29575
32647
32191
31315
31043
31739
32487
31167
30731
31363
30567
29575
32647
32015
32191
31315
31043
31739
32487
31167
30731
31363
30567
29575
32647
